   7       0 loop0 0 0 0 0 0 0 0 0 0 0 0 0 0 0 0 0 0
   7       1 loop1 0 0 0 0 0 0 0 0 0 0 0 0 0 0 0 0 0
   7       2 loop2 0 0 0 0 0 0 0 0 0 0 0 0 0 0 0 0 0
   7       3 loop3 0 0 0 0 0 0 0 0 0 0 0 0 0 0 0 0 0
  43       0 nbd0 0 0 0 0 0 0 0 0 0 0 0 0 0 0 0 0 0
  43      32 nbd1 0 0 0 0 0 0 0 0 0 0 0 0 0 0 0 0 0
  43      64 nbd2 0 0 0 0 0 0 0 0 0 0 0 0 0 0 0 0 0
  43      96 nbd3 0 0 0 0 0 0 0 0 0 0 0 0 0 0 0 0 0
 254       0 vda 5251 15 1030048 24 0 0 0 0 0 1001 24 0 0 0 0 0 0
 254      16 vdb 4887 0 146473 20 22797 12160 5274264 5403 0 7259 10576 2147 0 4711016 982 6624 4170
 254      17 vdb1 4814 0 146400 20 22797 12160 5274264 5403 0 7406 6406 2147 0 4711016 982 0 0
 254      32 vdc 3 0 24 0 1 0 8 0 0 0 0 1 0 2097144 0 0 0
 253       0 zram0 2 0 16 0 1 0 8 0 0 0 0 0 0 0 0 0 0
