cpu  7139 0 1578 1783314 369 0 493 0 0 0
cpu0 309 0 368 222968 307 0 376 0 0 0
cpu1 1224 0 231 222575 8 0 62 0 0 0
cpu2 1078 0 191 222761 11 0 25 0 0 0
cpu3 1037 0 187 222821 12 0 11 0 0 0
cpu4 1171 0 234 222647 12 0 9 0 0 0
cpu5 1247 0 189 222627 10 0 4 0 0 0
cpu6 1070 0 174 222813 7 0 4 0 0 0
cpu7 0 0 0 224099 0 0 0 0 0 0
intr 318198 0 8998 96959 0 0 0 132 0 0 0 0 183289 0 16 1 78 14 49 0 0 0 8662 0 1 19752 214 31 0 0 2 0 0 0 0 0 0 0 0 0 0 0 0 0 0 0 0 0 0 0 0 0 0 0 0 0 0 0 0 0 0 0 0 0 0
ctxt 472268
btime 1786758007
processes 7701
procs_running 3
procs_blocked 0
softirq 99923 0 10834 120 20810 8663 0 592 46231 0 12673
