cpu  7176 0 1583 1783638 369 0 499 0 0 0
cpu0 310 0 369 223010 307 0 379 0 0 0
cpu1 1226 0 232 222618 8 0 63 0 0 0
cpu2 1081 0 192 222803 11 0 25 0 0 0
cpu3 1038 0 188 222865 12 0 11 0 0 0
cpu4 1195 0 234 222668 12 0 9 0 0 0
cpu5 1249 0 190 222670 10 0 4 0 0 0
cpu6 1074 0 175 222854 7 0 4 0 0 0
cpu7 0 0 0 224145 0 0 0 0 0 0
intr 321852 0 9177 98245 0 0 0 132 0 0 0 0 184978 0 16 1 78 14 49 0 0 0 8667 0 1 20247 214 31 0 0 2 0 0 0 0 0 0 0 0 0 0 0 0 0 0 0 0 0 0 0 0 0 0 0 0 0 0 0 0 0 0 0 0 0 0
ctxt 480900
btime 1786758007
processes 7860
procs_running 8
procs_blocked 0
softirq 101125 0 10878 120 21231 8668 0 675 46625 0 12928
